1.0585703596841476   3.9229763714206844e+29
1.2334689466250492   3.431819745901402e+29
1.437295774424384   3.0397644139534384e+29
1.6748010298510334   2.689452434178448e+29
1.9515527280482179   2.379511505071272e+29
2.2738744072395773   2.0212366143826323e+29
2.649368460951424   1.6937460946400364e+29
3.0868449697999383   1.4129063954295453e+29
3.5963749834508123   1.1444558579714308e+29
4.189977450522752   9.22823480023845e+28
4.881412781272558   7.315861555834645e+28
5.68682605625082   5.728034688631306e+28
6.624998369035406   4.434356808943602e+28
7.717943709827086   3.432856359625681e+28
8.99103557746771   2.6306131061727763e+28
10.474209529642424   2.0249970424856883e+28
12.201929428910644   1.5500090168417587e+28
14.21491738379499   1.1999391434199887e+28
16.559993844035596   9.289326270148273e+27
19.292249317555942   7.256736354617572e+27
22.475836079813796   5.746410815216302e+27
26.185033638045244   4.5762482842807376e+27
30.507084977019076   3.6942023915691133e+27
35.543368398793156   3.0229432137983455e+27
41.412133712889954   2.510319543301354e+27
48.25125833721269   2.1179185593278805e+27
56.22207097499887   1.8277628029880256e+27
65.51103668169019   1.5971183320579444e+27
76.3375831718281   1.42591345727657e+27
88.95704696421794   1.303680252306556e+27
103.66736074693677   1.2233588988863316e+27
120.8159623501268   1.1795954249051224e+27
140.80878726717046   1.172689991291268e+27
164.1181631636753   1.19928187380065e+27
191.2971139751359   1.2673988213742945e+27
222.98939610472047   1.3825084348337998e+27
259.9460183654323   1.5548669253257029e+27
303.0461177552543   1.811155221560097e+27
353.30774264105645   2.1628753034872175e+27
411.92176951073816   2.642029246704189e+27
480.2826795788953   3.3161957286920924e+27
560.0039843468951   4.228865972857811e+27
652.9761522206088   5.478843779256027e+27
761.4031642820024   7.203501118574464e+27
881.6680228824616   9.424099450090223e+27
979.000405344087   1.1188945167201092e+28


